=========== KIT HERO .playwright-cli/verify/business-landing/kit-hero.png ===========
-- selector row scan y=660 (five cream seats):
  72 (241,238,232)  #F1EEE8  srgb(241,238,232)
   1 (239,235,227)  #EFEBE3  srgb(239,235,227)
   1 (233,225,211)  #E9E1D3  srgb(233,225,211)
 198 (233,224,209)  #E9E0D1  srgb(233,224,209)
   1 (234,226,211)  #EAE2D3  srgb(234,226,211)
   1 (239,234,227)  #EFEAE3  srgb(239,234,227)
  32 (241,238,232)  #F1EEE8  srgb(241,238,232)
   1 (239,235,227)  #EFEBE3  srgb(239,235,227)
   1 (233,225,211)  #E9E1D3  srgb(233,225,211)
 197 (233,224,209)  #E9E0D1  srgb(233,224,209)
   1 (234,226,211)  #EAE2D3  srgb(234,226,211)
   1 (239,234,227)  #EFEAE3  srgb(239,234,227)
  32 (241,238,232)  #F1EEE8  srgb(241,238,232)
   1 (239,234,226)  #EFEAE2  srgb(239,234,226)
   1 (233,225,210)  #E9E1D2  srgb(233,225,210)
 198 (233,224,209)  #E9E0D1  srgb(233,224,209)
   1 (233,225,211)  #E9E1D3  srgb(233,225,211)
   1 (239,234,226)  #EFEAE2  srgb(239,234,226)
  32 (241,238,232)  #F1EEE8  srgb(241,238,232)
   1 (239,234,226)  #EFEAE2  srgb(239,234,226)
   1 (233,225,210)  #E9E1D2  srgb(233,225,210)
 197 (233,224,209)  #E9E0D1  srgb(233,224,209)
   1 (233,225,211)  #E9E1D3  srgb(233,225,211)
   1 (239,234,226)  #EFEAE2  srgb(239,234,226)
  32 (241,238,232)  #F1EEE8  srgb(241,238,232)
   1 (239,235,227)  #EFEBE3  srgb(239,235,227)
   1 (233,225,211)  #E9E1D3  srgb(233,225,211)
 198 (233,224,209)  #E9E0D1  srgb(233,224,209)
   1 (234,226,211)  #EAE2D3  srgb(234,226,211)
   1 (239,234,227)  #EFEAE3  srgb(239,234,227)
  72 (241,238,232)  #F1EEE8  srgb(241,238,232)
-- page background sample p{10,700} = srgb(241,238,232)
-- selector card fill sample p{100,640} = srgb(233,224,209)

=========== KIT BENTO .playwright-cli/verify/business-landing/kit-bento.png ===========
-- row 1 scan y=330 (two wide seats):
  64 (241,238,232)  #F1EEE8  srgb(241,238,232)
 552 (233,224,209)  #E9E0D1  srgb(233,224,209)
  48 (241,238,232)  #F1EEE8  srgb(241,238,232)
 552 (233,224,209)  #E9E0D1  srgb(233,224,209)
  64 (241,238,232)  #F1EEE8  srgb(241,238,232)
-- row 2 scan y=880 (three seats, center wider):
  64 (241,238,232)  #F1EEE8  srgb(241,238,232)
  79 (233,224,209)  #E9E0D1  srgb(233,224,209)
   4 (232,223,208)  #E8DFD0  srgb(232,223,208)
   2 (231,222,207)  #E7DECF  srgb(231,222,207)
   3 (230,221,207)  #E6DDCF  srgb(230,221,207)
   1 (229,220,206)  #E5DCCE  srgb(229,220,206)
   2 (228,220,205)  #E4DCCD  srgb(228,220,205)
   1 (228,219,204)  #E4DBCC  srgb(228,219,204)
   2 (227,218,203)  #E3DACB  srgb(227,218,203)
   1 (226,217,202)  #E2D9CA  srgb(226,217,202)
   1 (225,216,202)  #E1D8CA  srgb(225,216,202)
   2 (224,215,201)  #E0D7C9  srgb(224,215,201)
   1 (232,232,233)  #E8E8E9  srgb(232,232,233)
   1 (252,253,253)  #FCFDFD  srgb(252,253,253)
  30 (255,255,255)  #FFFFFF  white
   1 (156,156,156)  #9C9C9C  grey61
   1 (51,51,51)  #333333  grey20
   1 (81,81,81)  #515151  srgb(81,81,81)
   4 (109,109,109)  #6D6D6D  srgb(109,109,109)
   2 (51,51,51)  #333333  grey20
   1 (252,252,252)  #FCFCFC  grey99
  37 (255,255,255)  #FFFFFF  white
   1 (169,169,169)  #A9A9A9  DarkGray
   2 (51,51,51)  #333333  grey20
   1 (68,68,68)  #444444  srgb(68,68,68)
   1 (115,115,115)  #737373  grey45
   1 (144,144,144)  #909090  srgb(144,144,144)
   1 (202,202,202)  #CACACA  srgb(202,202,202)
  56 (255,255,255)  #FFFFFF  white
   1 (246,246,247)  #F6F6F7  srgb(246,246,247)
   1 (230,228,225)  #E6E4E1  srgb(230,228,225)
   1 (224,215,201)  #E0D7C9  srgb(224,215,201)
   2 (225,216,202)  #E1D8CA  srgb(225,216,202)
   1 (226,217,202)  #E2D9CA  srgb(226,217,202)
   1 (227,218,203)  #E3DACB  srgb(227,218,203)
   2 (228,219,204)  #E4DBCC  srgb(228,219,204)
   1 (228,220,205)  #E4DCCD  srgb(228,220,205)
   2 (229,220,206)  #E5DCCE  srgb(229,220,206)
   2 (230,221,207)  #E6DDCF  srgb(230,221,207)
   3 (231,222,207)  #E7DECF  srgb(231,222,207)
   4 (232,223,208)  #E8DFD0  srgb(232,223,208)
  79 (233,224,209)  #E9E0D1  srgb(233,224,209)
  24 (241,238,232)  #F1EEE8  srgb(241,238,232)
 121 (233,224,209)  #E9E0D1  srgb(233,224,209)
   4 (232,223,208)  #E8DFD0  srgb(232,223,208)
   2 (231,222,207)  #E7DECF  srgb(231,222,207)
   3 (230,221,207)  #E6DDCF  srgb(230,221,207)
   1 (229,220,206)  #E5DCCE  srgb(229,220,206)
   2 (228,220,205)  #E4DCCD  srgb(228,220,205)
   1 (228,219,204)  #E4DBCC  srgb(228,219,204)
   2 (227,218,203)  #E3DACB  srgb(227,218,203)
   1 (226,217,202)  #E2D9CA  srgb(226,217,202)
   1 (225,216,202)  #E1D8CA  srgb(225,216,202)
   2 (224,215,201)  #E0D7C9  srgb(224,215,201)
   1 (232,232,233)  #E8E8E9  srgb(232,232,233)
   1 (252,253,253)  #FCFDFD  srgb(252,253,253)
  30 (255,255,255)  #FFFFFF  white
   1 (156,156,156)  #9C9C9C  grey61
   1 (51,51,51)  #333333  grey20
   1 (81,81,81)  #515151  srgb(81,81,81)
   4 (109,109,109)  #6D6D6D  srgb(109,109,109)
   2 (51,51,51)  #333333  grey20
   1 (252,252,252)  #FCFCFC  grey99
  37 (255,255,255)  #FFFFFF  white
   1 (169,169,169)  #A9A9A9  DarkGray
   2 (51,51,51)  #333333  grey20
   1 (68,68,68)  #444444  srgb(68,68,68)
   1 (115,115,115)  #737373  grey45
   1 (144,144,144)  #909090  srgb(144,144,144)
   1 (202,202,202)  #CACACA  srgb(202,202,202)
  56 (255,255,255)  #FFFFFF  white
   1 (246,246,247)  #F6F6F7  srgb(246,246,247)
   1 (230,228,225)  #E6E4E1  srgb(230,228,225)
   1 (224,215,201)  #E0D7C9  srgb(224,215,201)
   2 (225,216,202)  #E1D8CA  srgb(225,216,202)
   1 (226,217,202)  #E2D9CA  srgb(226,217,202)
   1 (227,218,203)  #E3DACB  srgb(227,218,203)
   2 (228,219,204)  #E4DBCC  srgb(228,219,204)
   1 (228,220,205)  #E4DCCD  srgb(228,220,205)
   2 (229,220,206)  #E5DCCE  srgb(229,220,206)
   2 (230,221,207)  #E6DDCF  srgb(230,221,207)
   3 (231,222,207)  #E7DECF  srgb(231,222,207)
   4 (232,223,208)  #E8DFD0  srgb(232,223,208)
 121 (233,224,209)  #E9E0D1  srgb(233,224,209)
  24 (241,238,232)  #F1EEE8  srgb(241,238,232)
  79 (233,224,209)  #E9E0D1  srgb(233,224,209)
   4 (232,223,208)  #E8DFD0  srgb(232,223,208)
   2 (231,222,207)  #E7DECF  srgb(231,222,207)
   3 (230,221,207)  #E6DDCF  srgb(230,221,207)
   1 (229,220,206)  #E5DCCE  srgb(229,220,206)
   2 (228,220,205)  #E4DCCD  srgb(228,220,205)
   1 (228,219,204)  #E4DBCC  srgb(228,219,204)
   2 (227,218,203)  #E3DACB  srgb(227,218,203)
   1 (226,217,202)  #E2D9CA  srgb(226,217,202)
   1 (225,216,202)  #E1D8CA  srgb(225,216,202)
   2 (224,215,201)  #E0D7C9  srgb(224,215,201)
   1 (232,232,233)  #E8E8E9  srgb(232,232,233)
   1 (252,253,253)  #FCFDFD  srgb(252,253,253)
  30 (255,255,255)  #FFFFFF  white
   1 (206,206,206)  #CECECE  srgb(206,206,206)
   1 (51,51,51)  #333333  grey20
   1 (61,61,61)  #3D3D3D  grey24
   4 (109,109,109)  #6D6D6D  srgb(109,109,109)
   1 (61,61,61)  #3D3D3D  grey24
   1 (51,51,51)  #333333  grey20
   1 (207,207,207)  #CFCFCF  grey81
  37 (255,255,255)  #FFFFFF  white
   1 (210,210,210)  #D2D2D2  srgb(210,210,210)
   3 (51,51,51)  #333333  grey20
   1 (107,107,107)  #6B6B6B  grey42
   1 (137,137,137)  #898989  srgb(137,137,137)
   1 (176,176,176)  #B0B0B0  grey69
  56 (255,255,255)  #FFFFFF  white
   1 (246,246,247)  #F6F6F7  srgb(246,246,247)
   1 (230,228,225)  #E6E4E1  srgb(230,228,225)
   1 (224,215,201)  #E0D7C9  srgb(224,215,201)
   2 (225,216,202)  #E1D8CA  srgb(225,216,202)
   1 (226,217,202)  #E2D9CA  srgb(226,217,202)
   1 (227,218,203)  #E3DACB  srgb(227,218,203)
   2 (228,219,204)  #E4DBCC  srgb(228,219,204)
   1 (228,220,205)  #E4DCCD  srgb(228,220,205)
   2 (229,220,206)  #E5DCCE  srgb(229,220,206)
   2 (230,221,207)  #E6DDCF  srgb(230,221,207)
   3 (231,222,207)  #E7DECF  srgb(231,222,207)
   4 (232,223,208)  #E8DFD0  srgb(232,223,208)
  79 (233,224,209)  #E9E0D1  srgb(233,224,209)
  64 (241,238,232)  #F1EEE8  srgb(241,238,232)
-- card fill sample p{100,330} = srgb(233,224,209)
-- page sample p{10,330} = srgb(241,238,232)

-- corner radius profile: first card top-left corner (card top y=268);
   insets of the fill start at dy=6/12/18/24 below the top:
  dy=6 y=274 first-fill-run:   64 (241,238,232)  #F1EEE8  srgb(241,238,232)
  dy=12 y=280 first-fill-run:   64 (241,238,232)  #F1EEE8  srgb(241,238,232)
  dy=18 y=286 first-fill-run:   64 (241,238,232)  #F1EEE8  srgb(241,238,232)
  dy=24 y=292 first-fill-run:   64 (241,238,232)  #F1EEE8  srgb(241,238,232)

-- floating CTA: vertical scan x=340 (first card centerline), y=380..560:
   5 (233,224,209)  #E9E0D1  srgb(233,224,209)
   1 (96,93,90)  #605D5A  srgb(96,93,90)
  66 (51,51,51)  #333333  grey20
   1 (101,93,49)  #655D31  srgb(101,93,49)
   7 (255,221,45)  #FFDD2D  srgb(255,221,45)
   4 (254,220,44)  #FEDC2C  srgb(254,220,44)
   2 (253,219,44)  #FDDB2C  srgb(253,219,44)
   3 (252,218,44)  #FCDA2C  srgb(252,218,44)
   1 (251,217,44)  #FBD92C  srgb(251,217,44)
   1 (250,216,44)  #FAD82C  srgb(250,216,44)
   1 (250,250,250)  #FAFAFA  grey98
   1 (249,249,249)  #F9F9F9  srgb(249,249,249)
   1 (248,248,248)  #F8F8F8  srgb(248,248,248)
   1 (247,247,247)  #F7F7F7  grey97
   1 (246,246,246)  #F6F6F6  srgb(246,246,246)
   1 (245,245,245)  #F5F5F5  grey96
   1 (244,244,244)  #F4F4F4  srgb(244,244,244)
   1 (231,232,234)  #E7E8EA  srgb(231,232,234)
  20 (255,255,255)  #FFFFFF  white
   1 (91,91,91)  #5B5B5B  srgb(91,91,91)
   1 (61,61,61)  #3D3D3D  grey24
   1 (246,246,246)  #F6F6F6  srgb(246,246,246)
   3 (255,255,255)  #FFFFFF  white
   1 (106,106,106)  #6A6A6A  srgb(106,106,106)
   1 (51,51,51)  #333333  grey20
   1 (246,246,246)  #F6F6F6  srgb(246,246,246)
  17 (255,255,255)  #FFFFFF  white
   1 (231,232,234)  #E7E8EA  srgb(231,232,234)
   1 (216,207,193)  #D8CFC1  srgb(216,207,193)
   1 (217,208,194)  #D9D0C2  srgb(217,208,194)
   1 (217,209,195)  #D9D1C3  srgb(217,209,195)
   1 (218,210,196)  #DAD2C4  srgb(218,210,196)
   1 (219,211,197)  #DBD3C5  srgb(219,211,197)
   1 (220,212,198)  #DCD4C6  srgb(220,212,198)
   1 (221,213,198)  #DDD5C6  srgb(221,213,198)
   1 (222,213,199)  #DED5C7  srgb(222,213,199)
   1 (223,214,200)  #DFD6C8  srgb(223,214,200)
   1 (224,215,201)  #E0D7C9  srgb(224,215,201)
   1 (225,216,202)  #E1D8CA  srgb(225,216,202)
   1 (226,217,202)  #E2D9CA  srgb(226,217,202)
   1 (227,218,203)  #E3DACB  srgb(227,218,203)
   1 (228,219,204)  #E4DBCC  srgb(228,219,204)
   2 (228,220,205)  #E4DCCD  srgb(228,220,205)
   1 (237,234,228)  #EDEAE4  srgb(237,234,228)
   3 (238,235,229)  #EEEBE5  srgb(238,235,229)
   2 (239,236,230)  #EFECE6  srgb(239,236,230)
   4 (240,237,231)  #F0EDE7  srgb(240,237,231)
   8 (241,238,232)  #F1EEE8  srgb(241,238,232)

=========== KIT STEPS .playwright-cli/verify/business-landing/kit-steps.png ===========
-- card row scan y=300:
  64 (241,238,232)  #F1EEE8  srgb(241,238,232)
 208 (255,255,255)  #FFFFFF  white
   1 (241,241,241)  #F1F1F1  srgb(241,241,241)
   1 (217,217,217)  #D9D9D9  grey85
   1 (238,238,238)  #EEEEEE  srgb(238,238,238)
 141 (255,255,255)  #FFFFFF  white
  48 (241,238,232)  #F1EEE8  srgb(241,238,232)
  57 (255,255,255)  #FFFFFF  white
   1 (239,239,239)  #EFEFEF  srgb(239,239,239)
   1 (228,228,228)  #E4E4E4  srgb(228,228,228)
   1 (241,241,241)  #F1F1F1  srgb(241,241,241)
 292 (255,255,255)  #FFFFFF  white
  48 (241,238,232)  #F1EEE8  srgb(241,238,232)
 352 (255,255,255)  #FFFFFF  white
  64 (241,238,232)  #F1EEE8  srgb(241,238,232)

=========== KIT FORM .playwright-cli/verify/business-landing/kit-form.png ===========
-- card scan y=250:
 360 (241,238,232)  #F1EEE8  srgb(241,238,232)
 560 (255,255,255)  #FFFFFF  white
 360 (241,238,232)  #F1EEE8  srgb(241,238,232)
-- divider scan y=390 (1px hairline zone):
 360 (241,238,232)  #F1EEE8  srgb(241,238,232)
  44 (255,255,255)  #FFFFFF  white
   1 (231,232,234)  #E7E8EA  srgb(231,232,234)
  18 (255,255,255)  #FFFFFF  white
   1 (231,232,234)  #E7E8EA  srgb(231,232,234)
  18 (255,255,255)  #FFFFFF  white
   1 (159,163,169)  #9FA3A9  srgb(159,163,169)
   1 (128,134,141)  #80868D  srgb(128,134,141)
  37 (255,255,255)  #FFFFFF  white
   1 (99,106,115)  #636A73  srgb(99,106,115)
   1 (194,197,200)  #C2C5C8  srgb(194,197,200)
   4 (255,255,255)  #FFFFFF  white
   1 (119,125,133)  #777D85  srgb(119,125,133)
   1 (170,174,178)  #AAAEB2  srgb(170,174,178)
  42 (255,255,255)  #FFFFFF  white
   1 (203,205,208)  #CBCDD0  srgb(203,205,208)
   1 (97,104,113)  #616871  srgb(97,104,113)
  46 (255,255,255)  #FFFFFF  white
   1 (207,209,212)  #CFD1D4  srgb(207,209,212)
   1 (97,104,113)  #616871  srgb(97,104,113)
   1 (254,254,254)  #FEFEFE  srgb(254,254,254)
 130 (255,255,255)  #FFFFFF  white
   1 (255,230,103)  #FFE667  srgb(255,230,103)
  40 (255,221,45)  #FFDD2D  srgb(255,221,45)
   1 (84,79,49)  #544F31  srgb(84,79,49)
   1 (51,51,51)  #333333  grey20
   1 (129,116,48)  #817430  srgb(129,116,48)
   1 (251,217,44)  #FBD92C  srgb(251,217,44)
   1 (255,221,45)  #FFDD2D  srgb(255,221,45)
   1 (254,220,44)  #FEDC2C  srgb(254,220,44)
   1 (147,131,48)  #938330  srgb(147,131,48)
   1 (51,51,51)  #333333  grey20
   1 (61,60,50)  #3D3C32  srgb(61,60,50)
   1 (251,217,44)  #FBD92C  srgb(251,217,44)
 124 (255,221,45)  #FFDD2D  srgb(255,221,45)
   1 (255,230,103)  #FFE667  srgb(255,230,103)
  32 (255,255,255)  #FFFFFF  white
 360 (241,238,232)  #F1EEE8  srgb(241,238,232)
-- card fill sample p{200,200} = srgb(241,238,232)
-- page sample p{10,500} = srgb(241,238,232)
