=========== QR LOADED .playwright-cli/captures-v2/invest-mobile/pattern-qr-loaded.png ===========
-- horizontal scan y=30 (tabs zone):
 483 (255,255,255)  #FFFFFF  white
   1 (234,236,239)  #EAECEF  srgb(234,236,239)
   1 (233,235,238)  #E9EBEE  srgb(233,235,238)
 161 (255,255,255)  #FFFFFF  white
   1 (233,235,238)  #E9EBEE  srgb(233,235,238)
   1 (234,236,239)  #EAECEF  srgb(234,236,239)
   1 (235,237,240)  #EBEDF0  srgb(235,237,240)
   1 (236,238,240)  #ECEEF0  srgb(236,238,240)
   1 (236,238,241)  #ECEEF1  srgb(236,238,241)
   2 (237,239,242)  #EDEFF2  srgb(237,239,242)
   1 (238,240,243)  #EEF0F3  srgb(238,240,243)
   3 (239,241,244)  #EFF1F4  srgb(239,241,244)
   2 (240,242,245)  #F0F2F5  srgb(240,242,245)
   5 (241,243,246)  #F1F3F6  srgb(241,243,246)
 133 (242,244,247)  #F2F4F7  srgb(242,244,247)
 483 (255,255,255)  #FFFFFF  white
-- horizontal scan y=120 (QR tile zone):
 533 (255,255,255)  #FFFFFF  white
   1 (253,253,253)  #FDFDFD  srgb(253,253,253)
   1 (255,255,255)  #FFFFFF  white
   1 (248,248,248)  #F8F8F8  srgb(248,248,248)
   1 (242,242,242)  #F2F2F2  grey95
   1 (244,244,244)  #F4F4F4  srgb(244,244,244)
   1 (245,245,245)  #F5F5F5  grey96
   1 (248,248,248)  #F8F8F8  srgb(248,248,248)
   3 (252,251,252)  #FCFBFC  srgb(252,251,252)
   1 (251,250,251)  #FBFAFB  srgb(251,250,251)
  16 (252,251,252)  #FCFBFC  srgb(252,251,252)
   1 (215,215,215)  #D7D7D7  srgb(215,215,215)
   1 (195,195,195)  #C3C3C3  srgb(195,195,195)
   1 (198,198,198)  #C6C6C6  srgb(198,198,198)
   1 (197,197,197)  #C5C5C5  srgb(197,197,197)
  28 (198,198,198)  #C6C6C6  srgb(198,198,198)
   1 (197,197,197)  #C5C5C5  srgb(197,197,197)
   1 (201,201,201)  #C9C9C9  grey79
   1 (245,245,245)  #F5F5F5  grey96
   1 (253,252,253)  #FDFCFD  srgb(253,252,253)
   1 (251,250,251)  #FBFAFB  srgb(251,250,251)
   1 (253,253,253)  #FDFDFD  srgb(253,253,253)
   1 (246,245,246)  #F6F5F6  srgb(246,245,246)
   1 (199,199,199)  #C7C7C7  grey78
   8 (197,197,197)  #C5C5C5  srgb(197,197,197)
   1 (220,220,220)  #DCDCDC  gainsboro
   3 (251,251,251)  #FBFBFB  srgb(251,251,251)
  20 (252,251,252)  #FCFBFC  srgb(252,251,252)
   1 (237,237,237)  #EDEDED  grey93
   1 (197,197,197)  #C5C5C5  srgb(197,197,197)
   1 (198,198,198)  #C6C6C6  srgb(198,198,198)
   1 (199,199,199)  #C7C7C7  grey78
   9 (198,198,198)  #C6C6C6  srgb(198,198,198)
   2 (197,197,197)  #C5C5C5  srgb(197,197,197)
   1 (237,237,237)  #EDEDED  grey93
  20 (252,251,252)  #FCFBFC  srgb(252,251,252)
   1 (251,251,251)  #FBFBFB  srgb(251,251,251)
   1 (251,250,251)  #FBFAFB  srgb(251,250,251)
   1 (252,252,252)  #FCFCFC  grey99
   1 (220,220,220)  #DCDCDC  gainsboro
   1 (195,195,195)  #C3C3C3  srgb(195,195,195)
   2 (199,199,199)  #C7C7C7  grey78
   1 (195,195,195)  #C3C3C3  srgb(195,195,195)
   1 (237,237,237)  #EDEDED  grey93
   1 (250,250,250)  #FAFAFA  grey98
   1 (251,250,251)  #FBFAFB  srgb(251,250,251)
   5 (252,251,252)  #FCFBFC  srgb(252,251,252)
   1 (252,252,252)  #FCFCFC  grey99
   1 (245,245,245)  #F5F5F5  grey96
   1 (198,198,198)  #C6C6C6  srgb(198,198,198)
   1 (197,197,197)  #C5C5C5  srgb(197,197,197)
  30 (198,198,198)  #C6C6C6  srgb(198,198,198)
   1 (196,196,196)  #C4C4C4  grey77
   1 (216,216,216)  #D8D8D8  srgb(216,216,216)
  17 (252,251,252)  #FCFBFC  srgb(252,251,252)
   1 (250,250,250)  #FAFAFA  grey98
   1 (248,248,248)  #F8F8F8  srgb(248,248,248)
   1 (245,245,245)  #F5F5F5  grey96
   1 (236,236,236)  #ECECEC  srgb(236,236,236)
   1 (235,235,235)  #EBEBEB  grey92
   1 (209,209,209)  #D1D1D1  grey82
   1 (244,244,244)  #F4F4F4  srgb(244,244,244)
   1 (242,242,242)  #F2F2F2  grey95
   1 (249,249,249)  #F9F9F9  srgb(249,249,249)
   1 (252,252,252)  #FCFCFC  grey99
  10 (254,254,254)  #FEFEFE  srgb(254,254,254)
 523 (255,255,255)  #FFFFFF  white
-- vertical scan x=640:
  16 0: (255,255,255)  #FFFFFF  white
   1 16: (238,240,243)  #EEF0F3  srgb(238,240,243)
   1 17: (237,239,242)  #EDEFF2  srgb(237,239,242)
  40 18: (255,255,255)  #FFFFFF  white
   2 58: (231,233,236)  #E7E9EC  srgb(231,233,236)
  34 60: (255,255,255)  #FFFFFF  white
   1 94: (248,248,248)  #F8F8F8  srgb(248,248,248)
   1 95: (241,241,241)  #F1F1F1  srgb(241,241,241)
   1 96: (244,244,244)  #F4F4F4  srgb(244,244,244)
   1 97: (247,247,247)  #F7F7F7  grey97
   1 98: (250,250,250)  #FAFAFA  grey98
   2 99: (252,252,252)  #FCFCFC  grey99
  17 101: (252,251,252)  #FCFBFC  srgb(252,251,252)
   1 118: (249,249,249)  #F9F9F9  srgb(249,249,249)
   1 119: (251,251,251)  #FBFBFB  srgb(251,251,251)
   1 120: (198,198,198)  #C6C6C6  srgb(198,198,198)
   1 121: (71,71,71)  #474747  grey28
   1 122: (3,3,3)  #030303  grey1
   1 123: (4,4,4)  #040404  srgb(4,4,4)
   1 124: (1,1,1)  #010101  srgb(1,1,1)
   5 125: (0,0,0)  #000000  black
   1 130: (98,98,98)  #626262  srgb(98,98,98)
   1 131: (225,225,225)  #E1E1E1  srgb(225,225,225)
   1 132: (251,251,251)  #FBFBFB  srgb(251,251,251)
   1 133: (250,250,250)  #FAFAFA  grey98
   1 134: (253,253,253)  #FDFDFD  srgb(253,253,253)
   1 135: (251,251,251)  #FBFBFB  srgb(251,251,251)
   1 136: (249,249,249)  #F9F9F9  srgb(249,249,249)
   1 137: (247,247,247)  #F7F7F7  grey97
   1 138: (249,248,249)  #F9F8F9  srgb(249,248,249)

=========== QR TABS (314x44 crop) .playwright-cli/captures-v2/invest-mobile/pattern-qr-tabs.png ===========
-- horizontal scan y=22:
   1 (232,234,237)  #E8EAED  srgb(232,234,237)
   1 (231,233,236)  #E7E9EC  srgb(231,233,236)
  15 (255,255,255)  #FFFFFF  white
   1 (244,244,244)  #F4F4F4  srgb(244,244,244)
   1 (58,58,58)  #3A3A3A  srgb(58,58,58)
   1 (105,105,105)  #696969  DimGray
   3 (158,158,158)  #9E9E9E  grey62
   1 (65,65,65)  #414141  srgb(65,65,65)
   1 (122,122,122)  #7A7A7A  grey48
   2 (255,255,255)  #FFFFFF  white
   1 (137,137,137)  #898989  srgb(137,137,137)
   1 (94,94,94)  #5E5E5E  grey37
   3 (255,255,255)  #FFFFFF  white
   1 (144,144,144)  #909090  srgb(144,144,144)
   1 (95,95,95)  #5F5F5F  srgb(95,95,95)
   1 (255,255,255)  #FFFFFF  white
   1 (199,199,199)  #C7C7C7  grey78
   1 (51,51,51)  #333333  grey20
   1 (223,223,223)  #DFDFDF  srgb(223,223,223)
   2 (255,255,255)  #FFFFFF  white
   1 (253,253,253)  #FDFDFD  srgb(253,253,253)
   1 (65,65,65)  #414141  srgb(65,65,65)
   1 (159,159,159)  #9F9F9F  srgb(159,159,159)
   1 (255,255,255)  #FFFFFF  white
   1 (188,188,188)  #BCBCBC  srgb(188,188,188)
   1 (51,51,51)  #333333  grey20
   1 (225,225,225)  #E1E1E1  srgb(225,225,225)
   2 (255,255,255)  #FFFFFF  white
   1 (144,144,144)  #909090  srgb(144,144,144)
   1 (69,69,69)  #454545  grey27
   1 (254,254,254)  #FEFEFE  srgb(254,254,254)
   2 (255,255,255)  #FFFFFF  white
   1 (253,253,253)  #FDFDFD  srgb(253,253,253)
   1 (65,65,65)  #414141  srgb(65,65,65)
   1 (149,149,149)  #959595  srgb(149,149,149)
   1 (255,255,255)  #FFFFFF  white
   1 (137,137,137)  #898989  srgb(137,137,137)
   1 (104,104,104)  #686868  srgb(104,104,104)
   1 (255,255,255)  #FFFFFF  white
   1 (148,148,148)  #949494  grey58
   1 (70,70,70)  #464646  srgb(70,70,70)
   3 (255,255,255)  #FFFFFF  white
   1 (217,217,217)  #D9D9D9  grey85
   1 (51,51,51)  #333333  grey20
   1 (210,210,210)  #D2D2D2  srgb(210,210,210)
   5 (255,255,255)  #FFFFFF  white
   1 (178,178,178)  #B2B2B2  srgb(178,178,178)
   1 (52,52,52)  #343434  srgb(52,52,52)
   2 (67,67,67)  #434343  srgb(67,67,67)
   1 (100,100,100)  #646464  srgb(100,100,100)
   1 (88,88,88)  #585858  srgb(88,88,88)
   1 (156,156,156)  #9C9C9C  grey61
   4 (255,255,255)  #FFFFFF  white
   1 (127,127,127)  #7F7F7F  grey50
   1 (93,93,93)  #5D5D5D  srgb(93,93,93)
   4 (255,255,255)  #FFFFFF  white
   1 (81,81,81)  #515151  srgb(81,81,81)
   1 (141,141,141)  #8D8D8D  srgb(141,141,141)
   4 (255,255,255)  #FFFFFF  white
   1 (188,188,188)  #BCBCBC  srgb(188,188,188)
   1 (51,51,51)  #333333  grey20
   1 (252,252,252)  #FCFCFC  grey99
   1 (209,209,209)  #D1D1D1  grey82
   1 (51,51,51)  #333333  grey20
   1 (204,204,204)  #CCCCCC  grey80
   1 (118,118,118)  #767676  srgb(118,118,118)
   1 (121,121,121)  #797979  srgb(121,121,121)
   5 (255,255,255)  #FFFFFF  white
   1 (188,188,188)  #BCBCBC  srgb(188,188,188)
   1 (56,56,56)  #383838  grey22
   1 (171,171,171)  #ABABAB  grey67
   1 (166,166,166)  #A6A6A6  grey65
   1 (119,119,119)  #777777  srgb(119,119,119)
   1 (85,85,85)  #555555  srgb(85,85,85)
   1 (229,229,229)  #E5E5E5  grey90
   1 (255,255,255)  #FFFFFF  white
   1 (137,137,137)  #898989  srgb(137,137,137)
   1 (57,57,57)  #393939  srgb(57,57,57)
   1 (73,73,73)  #494949  srgb(73,73,73)
   1 (78,78,78)  #4E4E4E  srgb(78,78,78)
   1 (128,128,128)  #808080  fractal
   1 (197,197,197)  #C5C5C5  srgb(197,197,197)
   1 (255,255,255)  #FFFFFF  white
   1 (190,190,190)  #BEBEBE  grey
   1 (51,51,51)  #333333  grey20
   2 (255,255,255)  #FFFFFF  white
   1 (137,137,137)  #898989  srgb(137,137,137)
   1 (104,104,104)  #686868  srgb(104,104,104)
   2 (255,255,255)  #FFFFFF  white
   1 (230,230,230)  #E6E6E6  srgb(230,230,230)
   1 (51,51,51)  #333333  grey20
   1 (216,216,216)  #D8D8D8  srgb(216,216,216)
   2 (255,255,255)  #FFFFFF  white
   1 (115,115,115)  #737373  grey45
   1 (125,125,125)  #7D7D7D  grey49
   1 (255,255,255)  #FFFFFF  white
   1 (147,147,147)  #939393  srgb(147,147,147)
   1 (68,68,68)  #444444  srgb(68,68,68)
   3 (127,127,127)  #7F7F7F  grey50
   1 (125,125,125)  #7D7D7D  grey49
   1 (52,52,52)  #343434  srgb(52,52,52)
   1 (193,193,193)  #C1C1C1  srgb(193,193,193)
  14 (255,255,255)  #FFFFFF  white
   1 (231,233,236)  #E7E9EC  srgb(231,233,236)
   1 (232,234,237)  #E8EAED  srgb(232,234,237)
   1 (233,235,238)  #E9EBEE  srgb(233,235,238)
   1 (234,236,238)  #EAECEE  srgb(234,236,238)
   1 (234,236,239)  #EAECEF  srgb(234,236,239)
   1 (235,237,240)  #EBEDF0  srgb(235,237,240)
   1 (236,238,241)  #ECEEF1  srgb(236,238,241)
   2 (237,239,242)  #EDEFF2  srgb(237,239,242)
   1 (238,240,243)  #EEF0F3  srgb(238,240,243)
   3 (239,241,244)  #EFF1F4  srgb(239,241,244)
   2 (240,242,245)  #F0F2F5  srgb(240,242,245)
   4 (241,243,246)  #F1F3F6  srgb(241,243,246)
   1 (190,191,194)  #BEBFC2  srgb(190,191,194)
   1 (48,49,49)  #303131  srgb(48,49,49)
   1 (125,126,128)  #7D7E80  srgb(125,126,128)
   2 (150,151,153)  #969799  srgb(150,151,153)
   1 (139,140,142)  #8B8C8E  srgb(139,140,142)
   1 (48,49,49)  #303131  srgb(48,49,49)
   1 (165,166,168)  #A5A6A8  srgb(165,166,168)
   2 (242,244,247)  #F2F4F7  srgb(242,244,247)
   1 (130,131,132)  #828384  srgb(130,131,132)
   1 (89,90,91)  #595A5B  srgb(89,90,91)
   3 (242,244,247)  #F2F4F7  srgb(242,244,247)
   1 (136,138,139)  #888A8B  srgb(136,138,139)
   1 (90,91,92)  #5A5B5C  srgb(90,91,92)
   1 (242,244,247)  #F2F4F7  srgb(242,244,247)
   1 (140,141,143)  #8C8D8F  srgb(140,141,143)
   1 (67,67,68)  #434344  srgb(67,67,68)
   3 (242,244,247)  #F2F4F7  srgb(242,244,247)
   1 (206,208,211)  #CED0D3  srgb(206,208,211)
   1 (48,49,49)  #303131  srgb(48,49,49)
   1 (199,201,204)  #C7C9CC  srgb(199,201,204)
   1 (242,244,247)  #F2F4F7  srgb(242,244,247)
   1 (178,180,182)  #B2B4B6  srgb(178,180,182)
   1 (48,49,49)  #303131  srgb(48,49,49)
   1 (213,215,218)  #D5D7DA  srgb(213,215,218)
   2 (242,244,247)  #F2F4F7  srgb(242,244,247)
   1 (88,89,90)  #58595A  srgb(88,89,90)
   1 (113,114,115)  #717273  srgb(113,114,115)
   3 (242,244,247)  #F2F4F7  srgb(242,244,247)
   1 (206,207,210)  #CECFD2  srgb(206,207,210)
   1 (48,49,49)  #303131  srgb(48,49,49)
   1 (190,191,194)  #BEBFC2  srgb(190,191,194)
   1 (242,244,247)  #F2F4F7  srgb(242,244,247)
   1 (81,82,83)  #515253  srgb(81,82,83)
   1 (147,148,150)  #939496  srgb(147,148,150)
   1 (242,244,247)  #F2F4F7  srgb(242,244,247)
   1 (140,141,143)  #8C8D8F  srgb(140,141,143)
   1 (67,67,68)  #434344  srgb(67,67,68)
   3 (242,244,247)  #F2F4F7  srgb(242,244,247)
   1 (206,208,211)  #CED0D3  srgb(206,208,211)
   1 (48,49,49)  #303131  srgb(48,49,49)
   1 (199,201,204)  #C7C9CC  srgb(199,201,204)
   4 (242,244,247)  #F2F4F7  srgb(242,244,247)
   1 (227,229,232)  #E3E5E8  srgb(227,229,232)
   1 (48,49,49)  #303131  srgb(48,49,49)
   1 (133,134,135)  #858687  srgb(133,134,135)
   3 (159,161,163)  #9FA1A3  srgb(159,161,163)
   1 (58,59,59)  #3A3B3B  srgb(58,59,59)
   1 (162,163,165)  #A2A3A5  srgb(162,163,165)
   1 (242,244,247)  #F2F4F7  srgb(242,244,247)
   1 (227,229,232)  #E3E5E8  srgb(227,229,232)
   1 (48,49,49)  #303131  srgb(48,49,49)
   1 (190,192,194)  #BEC0C2  srgb(190,192,194)
   1 (231,233,236)  #E7E9EC  srgb(231,233,236)
   1 (64,65,66)  #404142  srgb(64,65,66)
   1 (145,146,148)  #919294  srgb(145,146,148)
   1 (161,162,164)  #A1A2A4  srgb(161,162,164)
   1 (66,66,67)  #424243  srgb(66,66,67)
   3 (242,244,247)  #F2F4F7  srgb(242,244,247)
   1 (214,216,218)  #D6D8DA  srgb(214,216,218)
   1 (52,53,53)  #343535  srgb(52,53,53)
   1 (84,85,86)  #545556  srgb(84,85,86)
   1 (70,71,72)  #464748  srgb(70,71,72)
   1 (62,63,63)  #3E3F3F  srgb(62,63,63)
   1 (156,157,159)  #9C9D9F  srgb(156,157,159)
   2 (242,244,247)  #F2F4F7  srgb(242,244,247)
   1 (188,190,192)  #BCBEC0  srgb(188,190,192)
   1 (48,49,49)  #303131  srgb(48,49,49)
   1 (118,119,121)  #767779  srgb(118,119,121)
   3 (121,122,123)  #797A7B  srgb(121,122,123)
   1 (67,67,68)  #434344  srgb(67,67,68)
   1 (135,136,138)  #87888A  srgb(135,136,138)
   4 (242,244,247)  #F2F4F7  srgb(242,244,247)
   1 (231,233,235)  #E7E9EB  srgb(231,233,235)
   1 (85,86,87)  #555657  srgb(85,86,87)
   1 (48,49,49)  #303131  srgb(48,49,49)
   1 (78,79,80)  #4E4F50  srgb(78,79,80)
   1 (53,53,54)  #353536  srgb(53,53,54)
   1 (126,127,128)  #7E7F80  srgb(126,127,128)
   1 (52,53,53)  #343535  srgb(52,53,53)
   1 (241,243,246)  #F1F3F6  srgb(241,243,246)
   4 (242,244,247)  #F2F4F7  srgb(242,244,247)
   1 (72,73,73)  #484949  srgb(72,73,73)
   1 (136,138,139)  #888A8B  srgb(136,138,139)
   3 (242,244,247)  #F2F4F7  srgb(242,244,247)
   1 (222,224,227)  #DEE0E3  srgb(222,224,227)
   1 (48,49,49)  #303131  srgb(48,49,49)
   1 (183,184,187)  #B7B8BB  srgb(183,184,187)
  16 (242,244,247)  #F2F4F7  srgb(242,244,247)
-- vertical scan x=157:
   1 0: (238,240,243)  #EEF0F3  srgb(238,240,243)
   1 1: (237,239,242)  #EDEFF2  srgb(237,239,242)
  40 2: (255,255,255)  #FFFFFF  white
   1 42: (230,232,235)  #E6E8EB  srgb(230,232,235)
   1 43: (231,233,236)  #E7E9EC  srgb(231,233,236)
