=========== STORE BADGES .playwright-cli/captures-v2/invest-mobile/pattern-store-badges-loaded.png ===========
-- single pixels:
  p{10,10} = srgb(255,255,255)
  p{200,64} = srgb(246,247,248)
  p{640,64} = srgb(246,247,248)
  p{1000,64} = srgb(246,247,248)
  p{640,5} = srgb(255,255,255)
-- horizontal scan y=64 (pill mid):
  88 (255,255,255)  #FFFFFF  white
  17 (246,247,248)  #F6F7F8  srgb(246,247,248)
   1 (194,194,195)  #C2C2C3  srgb(194,194,195)
   1 (49,49,50)  #313132  srgb(49,49,50)
   1 (127,128,128)  #7F8080  srgb(127,128,128)
   2 (153,153,154)  #99999A  srgb(153,153,154)
   1 (141,142,142)  #8D8E8E  srgb(141,142,142)
   1 (49,49,50)  #313132  srgb(49,49,50)
   1 (167,168,169)  #A7A8A9  srgb(167,168,169)
   2 (246,247,248)  #F6F7F8  srgb(246,247,248)
   1 (132,132,133)  #848485  srgb(132,132,133)
   1 (81,81,81)  #515151  srgb(81,81,81)
   3 (246,247,248)  #F6F7F8  srgb(246,247,248)
   1 (194,194,195)  #C2C2C3  srgb(194,194,195)
   1 (49,49,50)  #313132  srgb(49,49,50)
   1 (214,214,215)  #D6D6D7  srgb(214,214,215)
   1 (231,232,232)  #E7E8E8  srgb(231,232,232)
   1 (49,49,50)  #313132  srgb(49,49,50)
   1 (180,180,181)  #B4B4B5  srgb(180,180,181)
   3 (246,247,248)  #F6F7F8  srgb(246,247,248)
   1 (95,95,96)  #5F5F60  srgb(95,95,96)
   1 (115,115,116)  #737374  srgb(115,115,116)
   1 (246,247,248)  #F6F7F8  srgb(246,247,248)
   2 (109,110,110)  #6D6E6E  srgb(109,110,110)
   2 (246,247,248)  #F6F7F8  srgb(246,247,248)
   1 (243,244,245)  #F3F4F5  srgb(243,244,245)
   2 (160,161,162)  #A0A1A2  srgb(160,161,162)
   1 (145,145,146)  #919192  srgb(145,145,146)
   1 (49,49,50)  #313132  srgb(49,49,50)
   1 (203,204,204)  #CBCCCC  srgb(203,204,204)
   2 (246,247,248)  #F6F7F8  srgb(246,247,248)
   1 (198,199,200)  #C6C7C8  srgb(198,199,200)
   1 (147,148,148)  #939494  srgb(147,148,148)
   1 (118,118,119)  #767677  srgb(118,118,119)
   1 (89,90,90)  #595A5A  srgb(89,90,90)
   1 (49,49,50)  #313132  srgb(49,49,50)
   1 (220,221,222)  #DCDDDE  srgb(220,221,222)
   1 (246,247,248)  #F6F7F8  srgb(246,247,248)
   1 (132,132,133)  #848485  srgb(132,132,133)
   1 (100,101,101)  #646565  srgb(100,101,101)
   2 (246,247,248)  #F6F7F8  srgb(246,247,248)
   1 (82,83,83)  #525353  srgb(82,83,83)
   1 (150,150,151)  #969697  srgb(150,150,151)
   1 (246,247,248)  #F6F7F8  srgb(246,247,248)
   1 (142,142,143)  #8E8E8F  srgb(142,142,143)
   1 (65,66,66)  #414242  srgb(65,66,66)
   3 (123,123,124)  #7B7B7C  srgb(123,123,124)
   1 (121,121,122)  #79797A  srgb(121,121,122)
   1 (50,50,50)  #323232  srgb(50,50,50)
   1 (187,187,188)  #BBBBBC  srgb(187,187,188)
   1 (246,247,248)  #F6F7F8  srgb(246,247,248)
   1 (82,83,83)  #525353  srgb(82,83,83)
   1 (118,118,119)  #767677  srgb(118,118,119)
   3 (246,247,248)  #F6F7F8  srgb(246,247,248)
   1 (123,124,124)  #7B7C7C  srgb(123,124,124)
   1 (100,101,101)  #646565  srgb(100,101,101)
   1 (246,247,248)  #F6F7F8  srgb(246,247,248)
   1 (217,218,218)  #D9DADA  srgb(217,218,218)
   1 (49,49,50)  #313132  srgb(49,49,50)
   1 (210,211,211)  #D2D3D3  srgb(210,211,211)
 182 (246,247,248)  #F6F7F8  srgb(246,247,248)
   1 (244,80,82)  #F45052  srgb(244,80,82)
   1 (244,80,83)  #F45053  srgb(244,80,83)
   1 (244,80,82)  #F45052  srgb(244,80,82)
   1 (244,80,83)  #F45053  srgb(244,80,83)
   1 (244,80,82)  #F45052  srgb(244,80,82)
   1 (244,80,83)  #F45053  srgb(244,80,83)
   1 (244,80,82)  #F45052  srgb(244,80,82)
   1 (252,211,212)  #FCD3D4  srgb(252,211,212)
   1 (247,124,125)  #F77C7D  srgb(247,124,125)
   1 (244,80,83)  #F45053  srgb(244,80,83)
   1 (244,80,82)  #F45052  srgb(244,80,82)
   1 (255,255,255)  #FFFFFF  white
   1 (244,80,82)  #F45052  srgb(244,80,82)
   1 (247,124,126)  #F77C7E  srgb(247,124,126)
   1 (252,211,212)  #FCD3D4  srgb(252,211,212)
   1 (244,80,83)  #F45053  srgb(244,80,83)
   1 (244,80,82)  #F45052  srgb(244,80,82)
   2 (250,168,169)  #FAA8A9  srgb(250,168,169)
   1 (244,80,83)  #F45053  srgb(244,80,83)
   1 (244,80,82)  #F45052  srgb(244,80,82)
   1 (250,168,169)  #FAA8A9  srgb(250,168,169)
   1 (252,211,212)  #FCD3D4  srgb(252,211,212)
   1 (244,80,83)  #F45053  srgb(244,80,83)
   1 (247,124,125)  #F77C7D  srgb(247,124,125)
   1 (255,255,255)  #FFFFFF  white
   1 (244,80,82)  #F45052  srgb(244,80,82)
   1 (244,80,83)  #F45053  srgb(244,80,83)
   1 (250,168,169)  #FAA8A9  srgb(250,168,169)
   1 (252,211,212)  #FCD3D4  srgb(252,211,212)
   1 (244,80,82)  #F45052  srgb(244,80,82)
   1 (247,124,126)  #F77C7E  srgb(247,124,126)
   1 (255,255,255)  #FFFFFF  white
   1 (244,80,83)  #F45053  srgb(244,80,83)
   4 (255,255,255)  #FFFFFF  white
   1 (247,124,125)  #F77C7D  srgb(247,124,125)
   1 (247,124,126)  #F77C7E  srgb(247,124,126)
   1 (252,211,212)  #FCD3D4  srgb(252,211,212)
   1 (244,80,83)  #F45053  srgb(244,80,83)
   1 (244,80,82)  #F45052  srgb(244,80,82)
   1 (244,80,83)  #F45053  srgb(244,80,83)
   1 (244,80,82)  #F45052  srgb(244,80,82)
   1 (244,80,83)  #F45053  srgb(244,80,83)
   1 (244,80,82)  #F45052  srgb(244,80,82)
   1 (244,80,83)  #F45053  srgb(244,80,83)
  16 (246,247,248)  #F6F7F8  srgb(246,247,248)
  48 (255,255,255)  #FFFFFF  white
  17 (246,247,248)  #F6F7F8  srgb(246,247,248)
   1 (133,133,134)  #858586  srgb(133,133,134)
   1 (72,72,72)  #484848  srgb(72,72,72)
   1 (163,164,165)  #A3A4A5  srgb(163,164,165)
   1 (161,162,162)  #A1A2A2  srgb(161,162,162)
   1 (118,118,119)  #767677  srgb(118,118,119)
   1 (53,53,53)  #353535  srgb(53,53,53)
   1 (170,170,171)  #AAAAAB  srgb(170,170,171)
   2 (246,247,248)  #F6F7F8  srgb(246,247,248)
   1 (117,118,118)  #757676  srgb(117,118,118)
   1 (115,115,116)  #737374  srgb(115,115,116)
   3 (246,247,248)  #F6F7F8  srgb(246,247,248)
   1 (128,128,129)  #808081  srgb(128,128,129)
   1 (104,104,105)  #686869  srgb(104,104,105)
   4 (246,247,248)  #F6F7F8  srgb(246,247,248)
   1 (244,245,246)  #F4F5F6  srgb(244,245,246)
   1 (198,199,200)  #C6C7C8  srgb(198,199,200)
   1 (132,132,133)  #848485  srgb(132,132,133)
   1 (52,52,53)  #343435  srgb(52,52,53)
   1 (111,111,112)  #6F6F70  srgb(111,111,112)
   2 (246,247,248)  #F6F7F8  srgb(246,247,248)
   1 (145,145,146)  #919192  srgb(145,145,146)
   1 (87,87,88)  #575758  srgb(87,87,88)
   2 (246,247,248)  #F6F7F8  srgb(246,247,248)
   1 (89,90,90)  #595A5A  srgb(89,90,90)
   1 (115,115,116)  #737374  srgb(115,115,116)
   3 (246,247,248)  #F6F7F8  srgb(246,247,248)
   1 (209,210,211)  #D1D2D3  srgb(209,210,211)
   1 (49,49,50)  #313132  srgb(49,49,50)
   1 (193,194,194)  #C1C2C2  srgb(193,194,194)
   1 (246,247,248)  #F6F7F8  srgb(246,247,248)
   1 (82,83,83)  #525353  srgb(82,83,83)
   1 (118,118,119)  #767677  srgb(118,118,119)
   2 (246,247,248)  #F6F7F8  srgb(246,247,248)
   1 (191,192,193)  #BFC0C1  srgb(191,192,193)
   1 (49,49,50)  #313132  srgb(49,49,50)
   1 (120,121,121)  #787979  srgb(120,121,121)
   3 (123,123,124)  #7B7B7C  srgb(123,123,124)
   1 (68,68,68)  #444444  srgb(68,68,68)
   1 (137,138,138)  #898A8A  srgb(137,138,138)
 203 (246,247,248)  #F6F7F8  srgb(246,247,248)
   8 (0,119,255)  #0077FF  srgb(0,119,255)
  14 (255,255,255)  #FFFFFF  white
   1 (96,149,248)  #6095F8  srgb(96,149,248)
   1 (43,113,246)  #2B71F6  srgb(43,113,246)
   7 (255,255,255)  #FFFFFF  white
   1 (96,149,248)  #6095F8  srgb(96,149,248)
   1 (43,113,246)  #2B71F6  srgb(43,113,246)
   7 (255,255,255)  #FFFFFF  white
   8 (0,119,255)  #0077FF  srgb(0,119,255)
  16 (246,247,248)  #F6F7F8  srgb(246,247,248)
  48 (255,255,255)  #FFFFFF  white
  20 (246,247,248)  #F6F7F8  srgb(246,247,248)
   1 (214,214,215)  #D6D6D7  srgb(214,214,215)
   1 (152,152,153)  #989899  srgb(152,152,153)
   1 (64,64,64)  #404040  grey25
   1 (67,67,67)  #434343  srgb(67,67,67)
   1 (241,242,243)  #F1F2F3  srgb(241,242,243)
   1 (246,247,248)  #F6F7F8  srgb(246,247,248)
   1 (241,242,243)  #F1F2F3  srgb(241,242,243)
   1 (183,183,184)  #B7B7B8  srgb(183,183,184)
   1 (137,138,138)  #898A8A  srgb(137,138,138)
   1 (112,112,113)  #707071  srgb(112,112,113)
   1 (75,76,76)  #4B4C4C  srgb(75,76,76)
   1 (72,72,72)  #484848  srgb(72,72,72)
   2 (246,247,248)  #F6F7F8  srgb(246,247,248)
   1 (82,83,83)  #525353  srgb(82,83,83)
   1 (137,138,138)  #898A8A  srgb(137,138,138)
   2 (246,247,248)  #F6F7F8  srgb(246,247,248)
   1 (217,218,218)  #D9DADA  srgb(217,218,218)
   1 (49,49,50)  #313132  srgb(49,49,50)
   1 (203,204,204)  #CBCCCC  srgb(203,204,204)
   2 (246,247,248)  #F6F7F8  srgb(246,247,248)
   1 (151,152,152)  #979898  srgb(151,152,152)
   1 (79,80,80)  #4F5050  srgb(79,80,80)
   2 (246,247,248)  #F6F7F8  srgb(246,247,248)
   1 (97,97,98)  #616162  srgb(97,97,98)
   1 (56,56,57)  #383839  srgb(56,56,57)
   1 (109,109,110)  #6D6D6E  srgb(109,109,110)
   1 (167,167,168)  #A7A7A8  srgb(167,167,168)
   1 (227,228,229)  #E3E4E5  srgb(227,228,229)
   2 (246,247,248)  #F6F7F8  srgb(246,247,248)
   1 (167,167,168)  #A7A7A8  srgb(167,167,168)
   1 (65,66,66)  #414242  srgb(65,66,66)
   3 (246,247,248)  #F6F7F8  srgb(246,247,248)
   1 (177,178,179)  #B1B2B3  srgb(177,178,179)
   1 (55,55,55)  #373737  srgb(55,55,55)
   2 (246,247,248)  #F6F7F8  srgb(246,247,248)
   1 (82,83,83)  #525353  srgb(82,83,83)
   1 (140,141,141)  #8C8D8D  srgb(140,141,141)
   3 (246,247,248)  #F6F7F8  srgb(246,247,248)
   1 (89,90,90)  #595A5A  srgb(89,90,90)
   1 (141,142,142)  #8D8E8E  srgb(141,142,142)
   1 (246,247,248)  #F6F7F8  srgb(246,247,248)
   1 (139,140,141)  #8B8C8D  srgb(139,140,141)
   1 (73,73,74)  #49494A  srgb(73,73,74)
   3 (246,247,248)  #F6F7F8  srgb(246,247,248)
   1 (206,207,208)  #CECFD0  srgb(206,207,208)
   1 (49,49,50)  #313132  srgb(49,49,50)
   1 (212,213,214)  #D4D5D6  srgb(212,213,214)
   7 (246,247,248)  #F6F7F8  srgb(246,247,248)
   1 (244,245,246)  #F4F5F6  srgb(244,245,246)
   1 (198,199,200)  #C6C7C8  srgb(198,199,200)
   1 (132,132,133)  #848485  srgb(132,132,133)
   1 (52,52,53)  #343435  srgb(52,52,53)
   1 (111,111,112)  #6F6F70  srgb(111,111,112)
   2 (246,247,248)  #F6F7F8  srgb(246,247,248)
   1 (145,145,146)  #919192  srgb(145,145,146)
   1 (87,87,88)  #575758  srgb(87,87,88)
   2 (246,247,248)  #F6F7F8  srgb(246,247,248)
   1 (89,90,90)  #595A5A  srgb(89,90,90)
   1 (115,115,116)  #737374  srgb(115,115,116)
   3 (246,247,248)  #F6F7F8  srgb(246,247,248)
   1 (209,210,211)  #D1D2D3  srgb(209,210,211)
   1 (49,49,50)  #313132  srgb(49,49,50)
   1 (193,194,194)  #C1C2C2  srgb(193,194,194)
   1 (246,247,248)  #F6F7F8  srgb(246,247,248)
   1 (82,83,83)  #525353  srgb(82,83,83)
   1 (118,118,119)  #767677  srgb(118,118,119)
   2 (246,247,248)  #F6F7F8  srgb(246,247,248)
   1 (191,192,193)  #BFC0C1  srgb(191,192,193)
   1 (49,49,50)  #313132  srgb(49,49,50)
   1 (120,121,121)  #787979  srgb(120,121,121)
   3 (123,123,124)  #7B7B7C  srgb(123,123,124)
   1 (68,68,68)  #444444  srgb(68,68,68)
   1 (137,138,138)  #898A8A  srgb(137,138,138)
 154 (246,247,248)  #F6F7F8  srgb(246,247,248)
   2 (205,10,223)  #CD0ADF  srgb(205,10,223)
   4 (205,10,224)  #CD0AE0  srgb(205,10,224)
   1 (204,10,224)  #CC0AE0  srgb(204,10,224)
   3 (204,9,225)  #CC09E1  srgb(204,9,225)
   1 (204,9,226)  #CC09E2  srgb(204,9,226)
   1 (204,8,226)  #CC08E2  srgb(204,8,226)
  24 (255,255,255)  #FFFFFF  white
   1 (247,71,81)  #F74751  srgb(247,71,81)
   2 (247,72,81)  #F74851  srgb(247,72,81)
   5 (247,73,81)  #F74951  srgb(247,73,81)
   4 (247,74,81)  #F74A51  srgb(247,74,81)
  16 (246,247,248)  #F6F7F8  srgb(246,247,248)
  88 (255,255,255)  #FFFFFF  white
-- vertical scan x=640:
  24 0: (255,255,255)  #FFFFFF  white
  80 24: (246,247,248)  #F6F7F8  srgb(246,247,248)
  24 104: (255,255,255)  #FFFFFF  white

